192
4
10
100.00 20.00 99.90 22.62
99.90 22.62 99.62 25.23
99.62 25.23 99.14 27.83
99.14 27.83 98.48 30.42
98.48 30.42 97.63 32.99
97.63 32.99 96.59 35.53
96.59 35.53 95.37 38.04
95.37 38.04 93.97 40.52
93.97 40.52 92.39 42.96
92.39 42.96 90.63 45.36
90.63 45.36 88.70 47.70
88.70 47.70 86.60 50.00
86.60 50.00 84.34 52.24
84.34 52.24 81.92 54.41
81.92 54.41 79.34 56.53
79.34 56.53 76.60 58.57
76.60 58.57 73.73 60.54
73.73 60.54 70.71 62.43
70.71 62.43 67.56 64.24
67.56 64.24 64.28 65.96
64.28 65.96 60.88 67.60
60.88 67.60 57.36 69.15
57.36 69.15 53.73 70.60
53.73 70.60 50.00 71.96
50.00 71.96 46.17 73.22
46.17 73.22 42.26 74.38
42.26 74.38 38.27 75.43
38.27 75.43 34.20 76.38
34.20 76.38 30.07 77.22
30.07 77.22 25.88 77.96
25.88 77.96 21.64 78.58
21.64 78.58 17.36 79.09
17.36 79.09 13.05 79.49
13.05 79.49 8.72 79.77
8.72 79.77 4.36 79.94
4.36 79.94 0.00 80.00
0.00 80.00 -4.36 79.94
-4.36 79.94 -8.72 79.77
-8.72 79.77 -13.05 79.49
-13.05 79.49 -17.36 79.09
-17.36 79.09 -21.64 78.58
-21.64 78.58 -25.88 77.96
-25.88 77.96 -30.07 77.22
-30.07 77.22 -34.20 76.38
-34.20 76.38 -38.27 75.43
-38.27 75.43 -42.26 74.38
-42.26 74.38 -46.17 73.22
-46.17 73.22 -50.00 71.96
-50.00 71.96 -53.73 70.60
-53.73 70.60 -57.36 69.15
-57.36 69.15 -60.88 67.60
-60.88 67.60 -64.28 65.96
-64.28 65.96 -67.56 64.24
-67.56 64.24 -70.71 62.43
-70.71 62.43 -73.73 60.54
-73.73 60.54 -76.60 58.57
-76.60 58.57 -79.34 56.53
-79.34 56.53 -81.92 54.41
-81.92 54.41 -84.34 52.24
-84.34 52.24 -86.60 50.00
-86.60 50.00 -88.70 47.70
-88.70 47.70 -90.63 45.36
-90.63 45.36 -92.39 42.96
-92.39 42.96 -93.97 40.52
-93.97 40.52 -95.37 38.04
-95.37 38.04 -96.59 35.53
-96.59 35.53 -97.63 32.99
-97.63 32.99 -98.48 30.42
-98.48 30.42 -99.14 27.83
-99.14 27.83 -99.62 25.23
-99.62 25.23 -99.90 22.62
-99.90 22.62 -100.00 20.00
-100.00 -20.00 -99.90 -22.62
-99.90 -22.62 -99.62 -25.23
-99.62 -25.23 -99.14 -27.83
-99.14 -27.83 -98.48 -30.42
-98.48 -30.42 -97.63 -32.99
-97.63 -32.99 -96.59 -35.53
-96.59 -35.53 -95.37 -38.04
-95.37 -38.04 -93.97 -40.52
-93.97 -40.52 -92.39 -42.96
-92.39 -42.96 -90.63 -45.36
-90.63 -45.36 -88.70 -47.70
-88.70 -47.70 -86.60 -50.00
-86.60 -50.00 -84.34 -52.24
-84.34 -52.24 -81.92 -54.41
-81.92 -54.41 -79.34 -56.53
-79.34 -56.53 -76.60 -58.57
-76.60 -58.57 -73.73 -60.54
-73.73 -60.54 -70.71 -62.43
-70.71 -62.43 -67.56 -64.24
-67.56 -64.24 -64.28 -65.96
-64.28 -65.96 -60.88 -67.60
-60.88 -67.60 -57.36 -69.15
-57.36 -69.15 -53.73 -70.60
-53.73 -70.60 -50.00 -71.96
-50.00 -71.96 -46.17 -73.22
-46.17 -73.22 -42.26 -74.38
-42.26 -74.38 -38.27 -75.43
-38.27 -75.43 -34.20 -76.38
-34.20 -76.38 -30.07 -77.22
-30.07 -77.22 -25.88 -77.96
-25.88 -77.96 -21.64 -78.58
-21.64 -78.58 -17.36 -79.09
-17.36 -79.09 -13.05 -79.49
-13.05 -79.49 -8.72 -79.77
-8.72 -79.77 -4.36 -79.94
-4.36 -79.94 -0.00 -80.00
-0.00 -80.00 4.36 -79.94
4.36 -79.94 8.72 -79.77
8.72 -79.77 13.05 -79.49
13.05 -79.49 17.36 -79.09
17.36 -79.09 21.64 -78.58
21.64 -78.58 25.88 -77.96
25.88 -77.96 30.07 -77.22
30.07 -77.22 34.20 -76.38
34.20 -76.38 38.27 -75.43
38.27 -75.43 42.26 -74.38
42.26 -74.38 46.17 -73.22
46.17 -73.22 50.00 -71.96
50.00 -71.96 53.73 -70.60
53.73 -70.60 57.36 -69.15
57.36 -69.15 60.88 -67.60
60.88 -67.60 64.28 -65.96
64.28 -65.96 67.56 -64.24
67.56 -64.24 70.71 -62.43
70.71 -62.43 73.73 -60.54
73.73 -60.54 76.60 -58.57
76.60 -58.57 79.34 -56.53
79.34 -56.53 81.92 -54.41
81.92 -54.41 84.34 -52.24
84.34 -52.24 86.60 -50.00
86.60 -50.00 88.70 -47.70
88.70 -47.70 90.63 -45.36
90.63 -45.36 92.39 -42.96
92.39 -42.96 93.97 -40.52
93.97 -40.52 95.37 -38.04
95.37 -38.04 96.59 -35.53
96.59 -35.53 97.63 -32.99
97.63 -32.99 98.48 -30.42
98.48 -30.42 99.14 -27.83
99.14 -27.83 99.62 -25.23
99.62 -25.23 99.90 -22.62
99.90 -22.62 100.00 -20.00
100.00 20.00 100.00 5.00
100.00 -5.00 100.00 -20.00
100.00 5.00 80.00 5.00
100.00 -5.00 80.00 -5.00
80.00 20.00 80.00 5.00
80.00 -5.00 80.00 -20.00
80.00 20.00 76.53 19.70
76.53 19.70 73.16 18.79
73.16 18.79 70.00 17.32
70.00 17.32 67.14 15.32
67.14 15.32 64.68 12.86
64.68 12.86 62.68 10.00
62.68 10.00 61.21 6.84
61.21 6.84 60.30 3.47
60.30 3.47 60.00 0.00
60.00 0.00 60.30 -3.47
60.30 -3.47 61.21 -6.84
61.21 -6.84 62.68 -10.00
62.68 -10.00 64.68 -12.86
64.68 -12.86 67.14 -15.32
67.14 -15.32 70.00 -17.32
70.00 -17.32 73.16 -18.79
73.16 -18.79 76.53 -19.70
76.53 -19.70 80.00 -20.00
-80.00 -20.00 -76.53 -19.70
-76.53 -19.70 -73.16 -18.79
-73.16 -18.79 -70.00 -17.32
-70.00 -17.32 -67.14 -15.32
-67.14 -15.32 -64.68 -12.86
-64.68 -12.86 -62.68 -10.00
-62.68 -10.00 -61.21 -6.84
-61.21 -6.84 -60.30 -3.47
-60.30 -3.47 -60.00 0.00
-60.00 0.00 -60.30 3.47
-60.30 3.47 -61.21 6.84
-61.21 6.84 -62.68 10.00
-62.68 10.00 -64.68 12.86
-64.68 12.86 -67.14 15.32
-67.14 15.32 -70.00 17.32
-70.00 17.32 -73.16 18.79
-73.16 18.79 -76.53 19.70
-76.53 19.70 -80.00 20.00
-100.00 -20.00 -100.00 -5.00
-100.00 5.00 -100.00 20.00
-100.00 5.00 -80.00 5.00
-100.00 -5.00 -80.00 -5.00
-80.00 20.00 -80.00 5.00
-80.00 -5.00 -80.00 -20.00
5
2
1
0.00 34.50 1.0000 0.0010
0.00 34.50 0.9961 0.0882